================
================
[[ 4 19]
 [64 12]
 [38 14]
 [22 45]
 [23 33]
 [ 1 46]
 [56 22]
 [38 19]
 [ 4  3]
 [20 57]
 [44 18]
 [49 27]
 [52 49]
 [55 50]
 [23 27]
 [48 40]
 [30  7]
 [22 31]
 [ 5 55]
 [33 25]
 [41  3]
 [45 61]
 [44 41]
 [48 57]
 [30 56]
 [51 29]
 [10 20]
 [59 63]
 [54 67]
 [32 19]
 [ 5 18]
 [ 5 21]
 [32 55]
 [ 5 24]
 [31 26]
 [ 0 33]
 [15 20]
 [56 53]
 [57 22]
 [ 0 60]
 [53  8]
 [45  4]
 [63 45]
 [54 52]
 [ 2 19]
 [24 31]
 [25 18]
 [ 9 12]
 [ 7  4]
 [ 0 14]]
[[49.86953366 32.88788339]
 [14.11916185 25.57281582]]
[1 0 1 1 1 1 0 1 1 1 0 0 0 0 1 0 1 1 1 1 1 0 0 0 0 0 1 0 0 1 1 1 0 1 1 1 1
 0 0 1 0 1 0 0 1 1 1 1 1 1]
================
================
[[ 3 19]
 [64 11]
 [38 13]
 [22 45]
 [23 33]
 [ 2 46]
 [56 23]
 [37 19]
 [ 4  2]
 [20 56]
 [45 18]
 [49 28]
 [53 49]
 [55 49]
 [23 26]
 [48 41]
 [31  7]
 [23 31]
 [ 5 55]
 [33 24]
 [40  3]
 [44 61]
 [43 41]
 [48 56]
 [31 56]
 [52 29]
 [ 9 20]
 [58 63]
 [53 67]
 [32 20]
 [ 6 18]
 [ 4 21]
 [32 54]
 [ 6 24]
 [30 26]
 [ 0 33]
 [15 19]
 [55 53]
 [56 22]
 [ 0 61]
 [52  8]
 [44  4]
 [62 45]
 [54 52]
 [ 2 20]
 [25 31]
 [25 17]
 [10 12]
 [ 6  4]
 [ 0 15]]
[[49.18990963 34.89416521]
 [10.70699969 25.52518339]]
[1 0 1 1 1 1 0 1 1 1 0 0 0 0 1 0 1 1 1 1 1 0 0 0 0 0 1 0 0 1 1 1 0 1 1 1 1
 0 0 1 0 1 0 0 1 1 1 1 1 1]
================
================
[[ 3 19]
 [64 11]
 [38 13]
 [22 45]
 [23 33]
 [ 2 46]
 [56 23]
 [37 19]
 [ 4  2]
 [20 56]
 [45 18]
 [49 28]
 [53 49]
 [55 49]
 [23 26]
 [48 41]
 [31  7]
 [23 31]
 [ 5 55]
 [33 24]
 [40  3]
 [44 61]
 [43 41]
 [48 56]
 [31 56]
 [52 29]
 [ 9 20]
 [58 63]
 [53 67]
 [32 20]
 [ 6 18]
 [ 4 21]
 [32 54]
 [ 6 24]
 [30 26]
 [ 0 33]
 [15 19]
 [55 53]
 [56 22]
 [ 0 61]
 [52  8]
 [44  4]
 [62 45]
 [54 52]
 [ 2 20]
 [25 31]
 [25 17]
 [10 12]
 [ 6  4]
 [ 0 15]]
[[49.18990963 34.89416521]
 [10.70699969 25.52518339]]
[1 0 1 1 1 1 0 1 1 1 0 0 0 0 1 0 1 1 1 1 1 0 0 0 0 0 1 0 0 1 1 1 0 1 1 1 1
 0 0 1 0 1 0 0 1 1 1 1 1 1]
================
================
[[ 3 19]
 [64 11]
 [38 13]
 [22 45]
 [23 33]
 [ 2 46]
 [56 23]
 [37 19]
 [ 4  2]
 [20 56]
 [45 18]
 [49 28]
 [53 49]
 [55 49]
 [23 26]
 [48 41]
 [31  7]
 [23 31]
 [ 5 55]
 [33 24]
 [40  3]
 [44 61]
 [43 41]
 [48 56]
 [31 56]
 [52 29]
 [ 9 20]
 [58 63]
 [53 67]
 [32 20]
 [ 6 18]
 [ 4 21]
 [32 54]
 [ 6 24]
 [30 26]
 [ 0 33]
 [15 19]
 [55 53]
 [56 22]
 [ 0 61]
 [52  8]
 [44  4]
 [62 45]
 [54 52]
 [ 2 20]
 [25 31]
 [25 17]
 [10 12]
 [ 6  4]
 [ 0 15]]
[[49.18990963 34.89416521]
 [10.70699969 25.52518339]]
[1 0 1 1 1 1 0 1 1 1 0 0 0 0 1 0 1 1 1 1 1 0 0 0 0 0 1 0 0 1 1 1 0 1 1 1 1
 0 0 1 0 1 0 0 1 1 1 1 1 1]
================
================
[[ 3 19]
 [64 11]
 [38 13]
 [22 45]
 [23 33]
 [ 2 46]
 [56 23]
 [37 19]
 [ 4  2]
 [20 56]
 [45 18]
 [49 28]
 [53 49]
 [55 49]
 [23 26]
 [48 41]
 [31  7]
 [23 31]
 [ 5 55]
 [33 24]
 [40  3]
 [44 61]
 [43 41]
 [48 56]
 [31 56]
 [52 29]
 [ 9 20]
 [58 63]
 [53 67]
 [32 20]
 [ 6 18]
 [ 4 21]
 [32 54]
 [ 6 24]
 [30 26]
 [ 0 33]
 [15 19]
 [55 53]
 [56 22]
 [ 0 61]
 [52  8]
 [44  4]
 [62 45]
 [54 52]
 [ 2 20]
 [25 31]
 [25 17]
 [10 12]
 [ 6  4]
 [ 0 15]]
[[49.18990963 34.89416521]
 [10.70699969 25.52518339]]
[1 0 1 1 1 1 0 1 1 1 0 0 0 0 1 0 1 1 1 1 1 0 0 0 0 0 1 0 0 1 1 1 0 1 1 1 1
 0 0 1 0 1 0 0 1 1 1 1 1 1]
================
================
[[ 3 19]
 [64 11]
 [38 13]
 [22 45]
 [23 33]
 [ 2 46]
 [56 23]
 [37 19]
 [ 4  2]
 [20 56]
 [45 18]
 [49 28]
 [53 49]
 [55 49]
 [23 26]
 [48 41]
 [31  7]
 [23 31]
 [ 5 55]
 [33 24]
 [40  3]
 [44 61]
 [43 41]
 [48 56]
 [31 56]
 [52 29]
 [ 9 20]
 [58 63]
 [53 67]
 [32 20]
 [ 6 18]
 [ 4 21]
 [32 54]
 [ 6 24]
 [30 26]
 [ 0 33]
 [15 19]
 [55 53]
 [56 22]
 [ 0 61]
 [52  8]
 [44  4]
 [62 45]
 [54 52]
 [ 2 20]
 [25 31]
 [25 17]
 [10 12]
 [ 6  4]
 [ 0 15]]
[[49.18990963 34.89416521]
 [10.70699969 25.52518339]]
[1 0 1 1 1 1 0 1 1 1 0 0 0 0 1 0 1 1 1 1 1 0 0 0 0 0 1 0 0 1 1 1 0 1 1 1 1
 0 0 1 0 1 0 0 1 1 1 1 1 1]
================
================
[[ 3 19]
 [64 11]
 [38 13]
 [22 45]
 [23 33]
 [ 2 46]
 [56 23]
 [37 19]
 [ 4  2]
 [20 56]
 [45 18]
 [49 28]
 [53 49]
 [55 49]
 [23 26]
 [48 41]
 [31  7]
 [23 31]
 [ 5 55]
 [33 24]
 [40  3]
 [44 61]
 [43 41]
 [48 56]
 [31 56]
 [52 29]
 [ 9 20]
 [58 63]
 [53 67]
 [32 20]
 [ 6 18]
 [ 4 21]
 [32 54]
 [ 6 24]
 [30 26]
 [ 0 33]
 [15 19]
 [55 53]
 [56 22]
 [ 0 61]
 [52  8]
 [44  4]
 [62 45]
 [54 52]
 [ 2 20]
 [25 31]
 [25 17]
 [10 12]
 [ 6  4]
 [ 0 15]]
[[49.18990963 34.89416521]
 [10.70699969 25.52518339]]
[1 0 1 1 1 1 0 1 1 1 0 0 0 0 1 0 1 1 1 1 1 0 0 0 0 0 1 0 0 1 1 1 0 1 1 1 1
 0 0 1 0 1 0 0 1 1 1 1 1 1]